178
153
184
23
49
254
105
235
277
124
81
182
65
154
268
253
193
170
292
290
243
204
195
94
13
89
297
39
219
160
11
227
111
275
83
73
102
179
97
174
218
233
129
86
32
196
249
171
152
38
104
279
63
70
172
247
148
57
28
270
46
205
76
145
51
12
79
299
163
220
231
150
100
177
166
109
211
229
256
78
54
201
99
238
284
185
75
123
276
43
190
188
85
213
236
283
101
142
45
140
189
1
159
44
161
17
294
84
87
137
29
64
226
34
157
122
74
259
255
108
26
258
240
55
138
242
60
22
264
165
181
133
20
141
68
291
214
77
93
15
10
41
113
132
2
183
225
125
215
50
25
143
180
202
98
272
107
139
126
156
263
71
14
282
207
35
130
37
82
250
271
244
3
69
274
158
30
209
119
8
66
53
116
245
112
232
58
136
117
52
5
7
194
296
42
217
31
198
155
135
92
203
40
269
91
176
16
167
267
298
257
223
6
278
248
280
96
262
0
121
285
80
27
47
252
265
234
169
118
36
134
295
162
56
4
61
281
110
9
149
19
173
237
206
18
62
67
144
146
191
186
88
164
246
286
273
151
192
239
241
221
228
222
187
230
127
197
251
95
128
289
24
131
216
147
266
261
59
199
224
120
72
212
21
208
287
115
210
288
260
90
103
48
175
33
168
106
114
200
293
